metzcs 0 0.5,12.5,8.5,2.5,7.5,2.5,0.5,9.5,2.5,1.5 1000:8bd6d665a324f0290fbafb42770ba699839946502355f7a5:652500627cf15f694cd061f1672b98242db56a37f23511cc
metzia 8 3.5,0.5,12.5,9.5,3.5,10.5,1.5,12.5,11.5,11.5 1000:cf507de9622791f5f776a14d94741f044813d981b9d474b6:ea6b30a4358e9e1a26ddf3500409d75634173c05966a3cd8
metzcs12 3 11.5,3.5,11.5,12.5,6.5,2.5,4.5,6.5,9.5,5.5,8.5,11.5,6.5,3.5 1000:8b89626825d46bcbc8d8a9b39e5f74b3139b92980e5255dd:8475643ce2ef456599cbd49daca13890d548e7aa5a25ade3
halo 8 0.5,12.5,8.5,4.5,6.5,11.5,9.5,3.5,6.5,8.5 1000:ba4b323be037c8996a7868e1ac91fb06eca80c23243a2fea:2795f3cfa6f187d1119742f57fd32c9f9baf8c11205659c9
metzia1 7 11.5,6.5,4.5,6.5,12.5,4.5,8.5,11.5,2.5,11.5 1000:f7dca505f21654a756679bb8ed4c73f4fb87655079d433ac:c421aa819677e00ab3955f0fe5b85633762b2be7edd1c011
metz 6 7.5,5.5,11.5,9.5,7.5,2.5,9.5,10.5,12.5,4.5 1000:0d6d8d9a164d0bfc4a3737a0f700402b79e283f41da56b36:41e0ffe4384a44b5b0b7de1baff6df8b349dc98a6d7193df
hellsep 4 11.5,0.5,1.5,2.5,0.5,11.5,2.5,0.5,0.5,0.5 1000:ba72b5d748d37f4a87b61803dbbe8fd0c24c8060e47c04c2:e97e242d6b59ff75be48f9ff909e6fe70499cf4dd6127f4f
tdutdd 3 0.5,8.5,12.5,5.5,7.5,8.5,1.5,9.5,5.5,2.5,6.5,1.5,0.5,2.5 1000:fb33eac6c421edbfc16a13101eee8146c42ee040f99ac8d2:5b46ce58b6f7c578303318affb6737f8e15d08fa17065342
baddie 1 5.5,9.5,8.5,12.5,5.5,5.5,6.5,7.5,11.5,0.5 1000:54438af177e34f435f91519ba5b577bbb4af0fdff763d4d6:e2628247f4d2819c9db9b8f62299b09506062f69f541dd7e
cassd 0 6.5,9.5,11.5,12.5,5.5,0.5,6.5,10.5,8.5,10.5 1000:035f77374f2492644e2afd92f716dae261c55b93fef79b82:ef9d8833137f09d9e3d5a3f9dd2731b22d10e57d5448aad6
sean 2 6.5,4.5,0.5,4.5,3.5,3.5,6.5,7.5,2.5,7.5 1000:2e3de7c06eddbaf53082591c39d728269ec78826203ba9b2:d96088c72dddec5454ab5194e6cc9708ea414bfaf2879dbe
chongkon 8 5.5,8.5,3.5,6.5,11.5,2.5,7.5,5.5,12.5,9.5,3.5,11.5,11.5,3.5 1000:ba4891e4d7fcbeaba9f3193c54cea47893eeda96995befd0:d7b626b7ab1118bcaa37e1aeadd1671b5be434b232c80e23
penang 6 2.5,9.5,12.5,11.5,3.5,9.5,0.5,2.5,9.5,10.5,2.5,3.5,7.5,8.5,3.5,2.5 1000:bc53ae2f0ed38d29246eb24af4befde455183a655ea75e56:5484f6ccc16592a8e7293b408a28549f1b4e5f7ee31edf33
test 7 173,173,27,176,193,289,74,275,258,97 1000:a1d17ab635179576af8ed373d7be7e0a71c75bd9bf5d221f:8137d15f9446e03910eabb6cf0afd4fb642f5f3c93e19029
boss 1 7.5,7.5,7.5,7.5,7.5,7.5,7.5,7.5,7.5,7.5,9.5,7.5 1000:f0d9fb0f48f4c161f8c7e32e08b08aafebb3c85ad0f945c1:08c5ae9a51641fc9f031098d06ff7524908618a68f8a9ec4
new 4 28,40,242,264,107,167,231,57,189,5 1000:0b700b6618214a891115b87d1bff531fa1badb1f3d7acbe8:cd588f241e5a6136a8010508cc1b2a41333c3b46e1e067c1
seanbean 2 9,10,9,2,19,13,1,7,7,9 1000:9612d513cf1ed31b632cbea2e1437cc11e012c49a7ec25e3:02280999346731a5413d8ab440ad18067f46ffd0a52a798b
uuuiii 0 9,14,17,0,8,13,4,16,17,16,9,13 1000:49dc31977956271f7dff8d8ff6ed655004c23913a33c483d:98e150323370e160fc0b4e591fd0872e4f38f4aa845d8b4e
lacy 8 5,2,4,9,2,14,3,15,3,15 1000:5fea0fa4d41baa951916c4bcc9737a3ded772ef62c62419e:07ad2f2503ad763051b1512f4271563023eadff54ac2f45a
test1 6 26,27,11,28,39,36 1000:0d9b46a97e8421b7eac69d746694022f8483d60aa725c892:feab1fdfa467c24e9580df7fbd9d8a3a00e9e837e2bebae0
test2 6 27,28,11,28,15,5 1000:254b7e0735a6bc480e56ab7fb91fded32f37732248931dfc:e347b182b0e1e4790d92deded543946e65c1c9a7b2dfd341
test3 6 25,27,25,27,25,27 1000:a8dbee99f5d2eaa767bf016d5b1bd1e74eb754a7c364cd7d:3c9b3f342ef6d354db22f8fbf64e7a8614a84d418deec16c
adriant 8 15,16,12,19,4,11,8,9,7,2 1000:14e9121640fcab655abfe40960072fdae8325c98d59a2d61:5fad0c0f9b4daccf5feb2e9f4ad689d21ed7ca1720369434
evian024 5 0,12,14,16,13,10,2,8,9,8 1000:78dc34c2d7c883cf34914705fe235259aff6a23b550bd2e0:97b2708b78041ad941cffa74374f041c37ceae612c7470fc
fastest 6 11,10,12,0,14,2,5,6,8,10 1:3ed0e9cccf80d48cd5678d6eac72d3cd392370613241cb89:44811d864b1fea0f97f83e67093df48bb1087df686e0598d
fastester 6 11,11,2,11,19,17,13,6,6,7 1:543d093ffd24974e7345da46a8133c7fdeb834a2effede1f:58d789061d2e60cae1a1924d044769360264a3e7574e1295